(28, 34407, 0, 4, 1, 1, 2, 0, 2, 3, 1, 3, 4, 0, 4, 2, 0)
(28, 34407, 0, 4, 1, 1, 3, 0, 2, 3, 1, 3, 5, 0, 4, 4, 0)
(28, 34407, 0, 4, 1, 1, 3, 0, 2, 3, 1, 3, 5, 0, 4, 5, 0)
(28, 34407, 0, 5, 1, 1, 3, 0, 2, 4, 1, 3, 5, 0, 4, 6, 0)
(28, 34407, 0, 7, 1, 1, 4, 0, 2, 4, 1, 3, 6, 0, 4, 6, 0)
(28, 34407, 0, 7, 1, 1, 4, 0, 2, 5, 2, 3, 8, 1, 4, 7, 1)
(28, 34407, 0, 10, 1, 1, 6, 1, 2, 6, 3, 3, 9, 2, 4, 8, 2)
(28, 34407, 0, 11, 1, 1, 6, 1, 2, 7, 3, 3, 11, 3, 4, 9, 3)
(28, 34407, 0, 11, 1, 1, 8, 1, 2, 7, 3, 3, 11, 3, 4, 9, 3)
(28, 34407, 0, 11, 1, 1, 8, 1, 2, 8, 3, 3, 13, 3, 4, 9, 3)
(28, 34407, 0, 13, 2, 1, 9, 2, 2, 9, 4, 3, 14, 4, 4, 10, 4)
(28, 34407, 0, 16, 1, 1, 10, 3, 2, 10, 5, 3, 16, 5, 4, 10, 4)
(28, 34407, 0, 16, 1, 1, 11, 3, 2, 10, 5, 3, 17, 5, 4, 10, 4)
(28, 34407, 0, 18, 1, 1, 12, 4, 2, 11, 5, 3, 18, 5, 4, 11, 4)
(28, 34407, 0, 18, 1, 1, 12, 4, 2, 12, 6, 3, 19, 6, 4, 11, 4)
(28, 34407, 0, 20, 1, 1, 12, 4, 2, 13, 6, 3, 20, 6, 4, 11, 4)
(28, 34407, 0, 21, 1, 1, 12, 4, 2, 14, 6, 3, 20, 6, 4, 13, 5)
(28, 34407, 0, 21, 1, 1, 13, 4, 2, 14, 6, 3, 20, 6, 4, 13, 5)
(28, 34407, 0, 21, 1, 1, 13, 4, 2, 15, 6, 3, 20, 6, 4, 14, 5)
(28, 34407, 3, 20, 6, 4, 14, 5, 0, 22, 1, 1, 14, 4, 2, 16, 6)
(28, 34407, 0, 24, 3, 1, 15, 5, 2, 18, 8, 3, 22, 8, 4, 15, 6)
(28, 34407, 0, 26, 1, 1, 17, 6, 2, 20, 9, 3, 22, 8, 4, 15, 6)
(28, 34407, 0, 26, 1, 1, 18, 6, 2, 20, 9, 3, 22, 8, 4, 18, 8)
(28, 34407, 1, 18, 6, 2, 21, 9, 3, 23, 8, 4, 18, 8, 0, 27, 1)
(28, 34407, 0, 28, 1, 1, 18, 6, 2, 21, 9, 3, 24, 8, 4, 19, 8)
(28, 34407, 0, 28, 1, 1, 18, 6, 2, 21, 9, 3, 24, 8, 4, 20, 8)
(28, 34407, 0, 29, 1, 1, 19, 6, 2, 21, 9, 3, 24, 8, 4, 21, 8)
(28, 34407, 0, 30, 1, 1, 20, 6, 2, 21, 9, 3, 24, 8, 4, 21, 8)
(28, 34407, 0, 32, 1, 1, 22, 7, 2, 24, 11, 3, 26, 10, 4, 23, 10)
(28, 34407, 0, 32, 1, 1, 22, 7, 2, 26, 12, 3, 27, 11, 4, 23, 10)
(28, 34407, 2, 27, 12, 3, 27, 11, 4, 24, 10, 0, 34, 1, 1, 22, 7)
(28, 34407, 0, 35, 1, 1, 22, 7, 2, 27, 12, 3, 27, 11, 4, 25, 10)
(28, 34407, 0, 35, 1, 1, 23, 7, 2, 27, 12, 3, 27, 11, 4, 25, 10)
(28, 34407, 0, 35, 1, 1, 23, 7, 2, 27, 12, 3, 28, 11, 4, 25, 10)
(28, 34407, 0, 35, 1, 1, 24, 7, 2, 28, 12, 3, 30, 11, 4, 25, 10)
(28, 34407, 0, 36, 1, 1, 24, 7, 2, 29, 12, 3, 30, 11, 4, 25, 10)
(28, 34407, 0, 37, 1, 1, 24, 7, 2, 30, 12, 3, 30, 11, 4, 26, 10)
(28, 34407, 0, 37, 1, 1, 24, 7, 2, 31, 12, 3, 30, 11, 4, 26, 10)
(28, 34407, 0, 37, 1, 1, 24, 7, 2, 31, 12, 3, 30, 11, 4, 28, 10)
(28, 34407, 0, 37, 1, 1, 25, 7, 2, 31, 12, 3, 30, 11, 4, 29, 10)
(28, 34407, 0, 37, 1, 1, 26, 7, 2, 31, 12, 3, 30, 11, 4, 29, 10)
(28, 34407, 0, 37, 1, 1, 27, 7, 2, 32, 12, 3, 30, 11, 4, 29, 10)
(28, 34407, 0, 37, 1, 1, 28, 7, 2, 32, 12, 3, 30, 11, 4, 29, 10)
(28, 34407, 0, 38, 1, 1, 29, 7, 2, 32, 12, 3, 30, 11, 4, 29, 10)
(28, 34407, 0, 38, 1, 1, 30, 7, 2, 32, 12, 3, 30, 11, 4, 29, 10)
(28, 34407, 0, 38, 1, 1, 32, 7, 2, 33, 12, 3, 30, 11, 4, 29, 10)
(28, 34407, 0, 38, 1, 1, 32, 7, 2, 33, 12, 3, 31, 11, 4, 30, 10)
(28, 34407, 0, 39, 1, 1, 32, 7, 2, 33, 12, 3, 31, 11, 4, 31, 10)
(28, 34407, 0, 40, 1, 1, 33, 7, 2, 33, 12, 3, 31, 11, 4, 31, 10)
(28, 34407, 0, 40, 1, 1, 33, 7, 2, 33, 12, 3, 32, 11, 4, 31, 10)
(28, 34407, 0, 40, 1, 1, 34, 7, 2, 34, 12, 3, 32, 11, 4, 32, 10)
(28, 34407, 0, 40, 1, 1, 34, 7, 2, 35, 12, 3, 34, 11, 4, 32, 10)
(28, 34407, 0, 41, 2, 1, 35, 8, 2, 36, 13, 3, 36, 13, 4, 34, 12)
(28, 34407, 0, 45, 6, 1, 39, 12, 2, 39, 16, 3, 39, 16, 4, 37, 15)
(28, 34407, 0, 46, 7, 1, 39, 12, 2, 39, 16, 3, 39, 16, 4, 37, 15)
(28, 34407, 0, 47, 8, 1, 39, 12, 2, 39, 16, 3, 39, 16, 4, 37, 15)
(28, 34407, 0, 48, 9, 1, 39, 12, 2, 40, 17, 3, 39, 16, 4, 37, 15)
(28, 34407, 0, 48, 9, 1, 39, 12, 2, 40, 17, 3, 40, 17, 4, 37, 15)
(28, 34407, 0, 48, 9, 1, 39, 12, 2, 40, 17, 3, 40, 17, 4, 37, 15)
(28, 34407, 0, 50, 11, 1, 39, 12, 2, 40, 17, 3, 40, 17, 4, 37, 15)
(28, 34407, 0, 51, 12, 1, 39, 12, 2, 40, 17, 3, 40, 17, 4, 37, 15)
(28, 34407, 0, 52, 13, 1, 39, 12, 2, 40, 17, 3, 40, 17, 4, 37, 15)
(28, 34407, 0, 53, 14, 1, 39, 12, 2, 40, 17, 3, 40, 17, 4, 37, 15)
(28, 34407, 0, 55, 16, 1, 39, 12, 2, 40, 17, 3, 40, 17, 4, 37, 15)
(28, 34407, 0, 56, 17, 1, 39, 12, 2, 40, 17, 3, 40, 17, 4, 37, 15)
(28, 34407, 0, 58, 19, 1, 39, 12, 2, 40, 17, 3, 40, 17, 4, 37, 15)
(28, 34407, 0, 59, 20, 1, 39, 12, 2, 40, 17, 3, 40, 17, 4, 37, 15)
(28, 34407, 0, 61, 22, 1, 39, 12, 2, 40, 17, 3, 40, 17, 4, 37, 15)
(28, 34407, 0, 62, 23, 1, 40, 13, 2, 40, 17, 3, 40, 17, 4, 37, 15)
(28, 34407, 0, 63, 24, 1, 40, 13, 2, 40, 17, 3, 40, 17, 4, 37, 15)
(28, 34407, 0, 64, 25, 1, 40, 13, 2, 40, 17, 3, 40, 17, 4, 37, 15)
(28, 34407, 0, 65, 26, 1, 41, 14, 2, 40, 17, 3, 40, 17, 4, 37, 15)
(28, 34407, 0, 66, 27, 1, 41, 14, 2, 40, 17, 3, 40, 17, 4, 37, 15)
(28, 34407, 0, 66, 27, 1, 41, 14, 2, 40, 17, 3, 41, 18, 4, 37, 15)
(28, 34407, 0, 68, 29, 1, 41, 14, 2, 40, 17, 3, 41, 18, 4, 37, 15)
(28, 34407, 1, 41, 14, 2, 40, 17, 3, 41, 18, 4, 37, 15, 0, 69, 30)
(28, 34407, 0, 70, 31, 1, 41, 14, 2, 40, 17, 3, 41, 18, 4, 37, 15)
(28, 34407, 0, 72, 33, 1, 41, 14, 2, 40, 17, 3, 41, 18, 4, 37, 15)
(28, 34407, 0, 73, 34, 1, 41, 14, 2, 40, 17, 3, 41, 18, 4, 37, 15)
(28, 34407, 0, 74, 35, 1, 41, 14, 2, 40, 17, 3, 41, 18, 4, 37, 15)
(28, 34407, 0, 76, 37, 1, 42, 15, 2, 40, 17, 3, 41, 18, 4, 37, 15)
(28, 34407, 0, 76, 37, 1, 42, 15, 2, 40, 17, 3, 41, 18, 4, 37, 15)
(28, 34407, 0, 77, 38, 1, 42, 15, 2, 40, 17, 3, 41, 18, 4, 37, 15)
(28, 34407, 0, 79, 40, 1, 43, 16, 2, 40, 17, 3, 41, 18, 4, 37, 15)
(28, 34407, 0, 79, 40, 1, 43, 16, 2, 40, 17, 3, 41, 18, 4, 37, 15)
(28, 34407, 0, 80, 41, 1, 43, 16, 2, 40, 17, 3, 41, 18, 4, 37, 15)
(28, 34407, 0, 81, 42, 1, 43, 16, 2, 40, 17, 3, 41, 18, 4, 37, 15)
(28, 34407, 3, 41, 18, 4, 37, 15, 0, 83, 44, 1, 43, 16, 2, 40, 17)
(28, 34407, 0, 84, 45, 1, 43, 16, 2, 40, 17, 3, 41, 18, 4, 37, 15)
(28, 34407, 0, 86, 47, 1, 43, 16, 2, 40, 17, 3, 41, 18, 4, 37, 15)
(28, 34407, 0, 87, 48, 1, 43, 16, 2, 40, 17, 3, 41, 18, 4, 37, 15)
(28, 34407, 3, 41, 18, 4, 37, 15, 0, 88, 49, 1, 43, 16, 2, 40, 17)
(28, 34407, 0, 90, 51, 1, 43, 16, 2, 40, 17, 3, 41, 18, 4, 37, 15)
(28, 34407, 0, 91, 52, 1, 43, 16, 2, 40, 17, 3, 41, 18, 4, 37, 15)
(28, 34407, 0, 92, 53, 1, 43, 16, 2, 40, 17, 3, 41, 18, 4, 37, 15)
(28, 34407, 0, 94, 55, 1, 43, 16, 2, 40, 17, 3, 41, 18, 4, 37, 15)
(28, 34407, 0, 95, 56, 1, 43, 16, 2, 40, 17, 3, 41, 18, 4, 37, 15)
(28, 34407, 0, 96, 57, 1, 43, 16, 2, 40, 17, 3, 41, 18, 4, 37, 15)
(28, 34407, 0, 96, 57, 1, 43, 16, 2, 40, 17, 3, 41, 18, 4, 37, 15)
(28, 34407, 0, 98, 59, 1, 44, 17, 2, 40, 17, 3, 41, 18, 4, 37, 15)
(28, 34407, 0, 99, 60, 1, 44, 17, 2, 40, 17, 3, 41, 18, 4, 37, 15)
(28, 34407, 0, 99, 60, 1, 44, 17, 2, 40, 17, 3, 41, 18, 4, 37, 15)
(28, 34407, 0, 101, 62, 1, 45, 18, 2, 40, 17, 3, 41, 18, 4, 37, 15)
(28, 34407, 0, 102, 63, 1, 45, 18, 2, 40, 17, 3, 41, 18, 4, 37, 15)
(28, 34407, 0, 103, 64, 1, 45, 18, 2, 40, 17, 3, 41, 18, 4, 37, 15)
(28, 34407, 0, 105, 66, 1, 45, 18, 2, 40, 17, 3, 41, 18, 4, 37, 15)
(28, 34407, 0, 106, 67, 1, 45, 18, 2, 40, 17, 3, 41, 18, 4, 37, 15)
(28, 34407, 0, 107, 68, 1, 46, 19, 2, 40, 17, 3, 41, 18, 4, 37, 15)
(28, 34407, 0, 108, 69, 1, 46, 19, 2, 40, 17, 3, 41, 18, 4, 37, 15)
(28, 34407, 0, 109, 70, 1, 46, 19, 2, 40, 17, 3, 41, 18, 4, 37, 15)
